 6.39817478e+001 6.39817478e+001 6.39817478e+001 6.39817478e+001 6.39817478e+001 6.39817478e+001 6.39817478e+001 6.39817478e+001 6.39817478e+001 6.39817478e+001 6.39817478e+001 6.39817478e+001 6.39817478e+001 6.39817478e+001 6.39817478e+001 6.39817478e+001 6.39817478e+001 6.39817478e+001 6.39817478e+001 7.18632974e+001 6.39817478e+001
 5.47700998e+001 5.47700998e+001 5.47700998e+001 5.47700998e+001 5.47700998e+001 5.47700998e+001 5.47700998e+001 5.47700998e+001 5.47700998e+001 5.47700998e+001 5.47700998e+001 5.47700998e+001 5.47700998e+001 5.47700998e+001 5.47700998e+001 5.47700998e+001 5.47700998e+001 5.47700998e+001 6.15174648e+001 5.47700998e+001 5.47700998e+001
 2.49977654e+001 2.49977654e+001 2.49977654e+001 2.49977654e+001 2.49977654e+001 2.49977654e+001 2.49977654e+001 2.49977654e+001 2.49977654e+001 2.49977654e+001 2.49977654e+001 2.49977654e+001 2.49977654e+001 2.49977654e+001 2.49977654e+001 2.49977654e+001 2.49977654e+001 2.80775563e+001 2.49977654e+001 2.49977654e+001 2.49977654e+001
 6.67438234e+001 6.67438234e+001 6.67438234e+001 6.56504176e+001 8.31816291e+001 6.67437204e+001 6.67438234e+001 6.67438234e+001 6.67438234e+001 6.70499714e+001 6.67445416e+001 6.67432831e+001 6.72239578e+001 6.69397716e+001 6.67627151e+001 6.81869832e+001 7.44162274e+001 6.67439804e+001 6.66369539e+001 6.65361875e+001 6.67438234e+001
 1.25783068e+001 1.29782403e+001 1.53396277e+001 -1.09218526e-001 1.00577148e+002 1.25783092e+001 6.33119675e+000 4.03313505e+000 1.00577842e+002 1.00589747e+002 1.25661846e+001 1.25661904e+001 1.25669207e+001 1.25661585e+001 1.25661828e+001 1.00580422e+002 1.00580942e+002 1.25661973e+001 1.25662491e+001 1.25659156e+001 1.25662098e+001
 4.09433569e+001 4.09530551e+001 3.17310545e+001 1.00000000e+002 0.00000000e+000 4.09431583e+001 4.19046204e+001 4.50546294e+001 0.00000000e+000 0.00000000e+000 4.09459947e+001 4.09459374e+001 4.09436935e+001 4.09442373e+001 4.09469730e+001 0.00000000e+000 0.00000000e+000 4.09459519e+001 4.09425699e+001 4.09480934e+001 4.09458723e+001
 3.98200419e+001 3.96548369e+001 4.05311976e+001 7.69498654e+001 5.80608891e+001 3.98201674e+001 4.18847330e+001 4.01241231e+001 6.35526688e+001 6.38601756e+001 3.98223293e+001 3.98222595e+001 3.98224251e+001 3.98224583e+001 3.98222789e+001 5.69960597e+001 5.74175672e+001 3.98222707e+001 3.98231860e+001 3.98220588e+001 3.98222712e+001
 4.82945622e+001 4.86609226e+001 4.80837949e+001 9.43614008e+001 6.82090036e+001 4.82945390e+001 4.77786913e+001 4.92632355e+001 6.49491702e+001 7.19252755e+001 4.82933609e+001 4.82933693e+001 4.82932651e+001 4.82933465e+001 4.82933715e+001 6.35322415e+001 6.35092590e+001 4.82933678e+001 4.82931784e+001 4.82934123e+001 4.82933673e+001
 3.34124558e+001 -1.64693541e-001 7.67965213e+001 -3.02125450e-001 -2.52319087e-001 3.34167582e+001 1.00633775e+002 -4.12920395e-002 1.02959822e+002 1.00291729e+002 3.35244838e+001 3.35222682e+001 3.35335352e+001 3.35295406e+001 3.35227963e+001 -1.25938830e+000 -5.13104504e-001 3.35226560e+001 3.35536546e+001 3.35139614e+001 3.35227635e+001
 4.39140298e+001 4.40186809e+001 4.33417407e+001 -9.45502079e+001 1.04496930e+002 4.39140230e+001 4.20478387e+001 4.74778517e+001 1.01450718e+002 1.01323975e+002 4.39116846e+001 4.39116987e+001 4.39119200e+001 4.39117613e+001 4.39117093e+001 1.00157522e+002 1.00767118e+002 4.39116967e+001 4.39115608e+001 4.39116912e+001 4.39117001e+001
 1.70111386e+001 1.69218697e+001 1.82561379e+001 -4.07523291e-002 -8.94070157e-003 1.70112843e+001 1.89160196e+001 1.58960732e+001 2.97462545e+000 1.00003440e+002 1.70127142e+001 1.70126320e+001 1.70128677e+001 1.70128612e+001 1.70126475e+001 -3.94440184e-003 -2.26960190e-003 1.70126461e+001 1.70137351e+001 1.70123616e+001 1.70126478e+001
 5.00000000e+001 5.00000000e+001 5.00000000e+001 5.00000000e+001 5.00000000e+001 5.00000000e+001 5.00000000e+001 5.00000000e+001 5.00000000e+001 5.00000000e+001 5.00000000e+001 5.00000000e+001 5.00000000e+001 5.00000000e+001 5.00000000e+001 5.00000000e+001 5.00000000e+001 5.00000000e+001 5.00000000e+001 5.00000000e+001 5.00000000e+001
 2.69020008e+001 2.69012241e+001 2.69020462e+001 2.66695273e+001 2.81304675e+001 2.69020010e+001 2.69020785e+001 2.69021742e+001 2.81319449e+001 2.81572856e+001 2.69020009e+001 2.69020008e+001 2.69020015e+001 2.69020033e+001 2.69020008e+001 3.48629386e+001 2.81385427e+001 2.69020008e+001 2.69020008e+001 2.69019998e+001 2.69020008e+001
 4.28886890e+001 4.29076523e+001 4.28715699e+001 0.00000000e+000 4.64865034e+001 4.28887163e+001 4.30741118e+001 4.31480620e+001 4.37210345e+001 4.71765291e+001 4.28887987e+001 4.28887843e+001 4.28888558e+001 4.28888524e+001 4.28887990e+001 5.29308927e+001 4.56340015e+001 4.28887866e+001 4.28889393e+001 4.28887448e+001 4.28887874e+001
 2.61392872e+003 2.62079395e+003 2.69046494e+003 3.15018521e+003 3.00017634e+003 2.61393485e+003 2.60536541e+003 2.45890789e+003 3.00010268e+003 3.00003731e+003 2.61381364e+003 2.61381002e+003 2.61382632e+003 2.61381766e+003 2.61381136e+003 3.00000489e+003 3.00007841e+003 2.61381074e+003 2.61385605e+003 2.61379634e+003 2.61381091e+003
 7.49998484e+001 7.51393076e+001 7.49962172e+001 6.62758900e+001 7.28404474e+001 7.49998075e+001 7.49858449e+001 7.49916507e+001 7.50341420e+001 6.46691510e+001 7.49998342e+001 7.49998572e+001 7.49996637e+001 7.49994911e+001 7.49998351e+001 7.18618167e+001 7.70188915e+001 7.49998538e+001 7.49998229e+001 7.50000182e+001 7.49998448e+001
 1.20399999e+002 1.20398344e+002 1.20400153e+002 1.33063591e+002 1.21233039e+002 1.20399999e+002 1.20400239e+002 1.20400697e+002 1.20685489e+002 1.20646532e+002 1.20399999e+002 1.20399999e+002 1.20399996e+002 1.20400003e+002 1.20399999e+002 1.20430806e+002 1.20541879e+002 1.20399999e+002 1.20399993e+002 1.20399998e+002 1.20399999e+002
 3.23215416e-001 3.23971342e-001 2.55717314e-001 3.12927326e-001 2.86909997e-001 3.23214199e-001 3.16998025e-001 3.29769378e-001 1.63715768e-001 2.10268468e-001 3.23205769e-001 3.23205116e-001 3.23189981e-001 3.23191887e-001 3.23213655e-001 2.59684362e-001 1.85131132e-001 3.23205289e-001 3.23180507e-001 3.23221248e-001 3.23204684e-001
 8.37439293e+001 8.36475941e+001 8.16783227e+001 1.06761013e+002 8.11876509e+001 8.37437713e+001 8.38353247e+001 8.86058533e+001 7.89462276e+001 6.40203252e+001 8.37463683e+001 8.37464599e+001 8.37460240e+001 8.37462711e+001 8.37464362e+001 8.55822206e+001 7.46728170e+001 8.37464413e+001 8.37452355e+001 8.37468247e+001 8.37464369e+001
 2.53522464e+003 2.54235473e+003 2.61271327e+003 2.53114514e+003 2.93043784e+003 2.53523064e+003 2.52041568e+003 2.37581770e+003 2.92766317e+003 2.92834441e+003 2.53510017e+003 2.53509663e+003 2.53511339e+003 2.53510408e+003 2.53509793e+003 2.91968252e+003 2.93358708e+003 2.53509735e+003 2.53514173e+003 2.53508297e+003 2.53509752e+003
 2.56693735e+001 2.55593408e+001 2.60938081e+001 4.10192437e+001 2.56494867e+001 2.56694704e+001 2.74183280e+001 2.57096732e+001 2.95385186e+001 2.83919502e+001 2.56714400e+001 2.56713868e+001 2.56715081e+001 2.56715454e+001 2.56714012e+001 2.48086648e+001 2.47567624e+001 2.56713951e+001 2.56720997e+001 2.56712381e+001 2.56713953e+001
 5.06339471e+001 5.07658670e+001 5.05580535e+001 6.72217995e+001 5.78047846e+001 5.06339388e+001 5.04481911e+001 5.09827492e+001 5.66309764e+001 5.91429483e+001 5.06335146e+001 5.06335176e+001 6.13895487e+001 5.06335094e+001 5.06335184e+001 5.61207654e+001 5.61124898e+001 5.06335170e+001 5.06334488e+001 5.06335330e+001 5.06335168e+001
 3.05256254e+003 3.05790037e+003 3.12377816e+003 3.13016357e+003 3.43119364e+003 3.05256959e+003 3.07880157e+003 2.92188004e+003 3.38836085e+003 3.40237835e+003 3.05249987e+003 3.05249568e+003 3.05251070e+003 3.05250478e+003 3.05249728e+003 3.48636457e+003 3.40297003e+003 3.05249647e+003 3.05254824e+003 3.05248149e+003 3.05249660e+003
 2.29490160e+001 2.29412189e+001 2.29491318e+001 3.78541315e+001 2.62190539e+001 2.29490241e+001 2.29494376e+001 2.29485350e+001 2.30565551e+001 2.74279365e+001 2.29490194e+001 2.29490150e+001 2.29490383e+001 2.29490380e+001 2.29490189e+001 2.43916613e+001 2.37791045e+001 2.29490158e+001 2.29490594e+001 2.29489997e+001 2.29490162e+001
 6.52736669e+001 5.91366634e+001 6.93624703e+001 7.38918662e+001 6.09638282e+001 6.52741180e+001 7.19005191e+001 6.28842243e+001 6.47309780e+001 5.45999511e+001 6.52908781e+001 6.52906540e+001 6.52918820e+001 6.52913462e+001 6.52906989e+001 7.35061009e+001 6.20405554e+001 6.52906931e+001 6.52939848e+001 6.52898108e+001 6.52907031e+001
 1.57169017e+002 -6.90000000e+000 3.25732057e+002 1.84235753e+002 2.56326375e+002 1.57187989e+002 3.90273626e+002 -6.90000000e+000 3.83064518e+002 2.86997123e+002 1.57637393e+002 1.57627589e+002 1.57676792e+002 1.57659050e+002 1.57629948e+002 3.66089630e+002 2.50338577e+002 1.57629310e+002 1.57766322e+002 1.57591060e+002 1.57629768e+002
 3.19449303e+002 3.20984222e+002 3.30459233e+002 2.46262524e+002 3.59641822e+002 3.19449224e+002 2.83342944e+002 2.72065328e+002 3.71279543e+002 3.84428627e+002 3.19390291e+002 3.19390397e+002 3.19394246e+002 3.19390259e+002 3.19390375e+002 4.02502326e+002 3.74844473e+002 3.19390416e+002 3.19389782e+002 3.19389244e+002 3.19390482e+002
 9.33750710e+001 9.33292535e+001 9.36170382e+001 1.11414043e+002 9.10290831e+001 9.33750738e+001 9.41713225e+001 9.19136194e+001 9.76144978e+001 9.10311107e+001 9.33760580e+001 9.33760518e+001 9.33759562e+001 9.33760306e+001 9.33760477e+001 8.89175500e+001 9.07843184e+001 9.33760527e+001 9.33761050e+001 9.33760540e+001 9.33760513e+001
 8.04681922e+001 8.05340381e+001 7.90995552e+001 1.12799117e+002 8.74381487e+001 8.04680451e+001 7.87173608e+001 8.18982878e+001 7.81829264e+001 7.17529562e+001 8.04667558e+001 8.04668378e+001 8.04665854e+001 8.04666183e+001 8.04668337e+001 9.25950577e+001 7.90974540e+001 8.04668236e+001 8.04656819e+001 8.04671283e+001 8.04668216e+001
 3.21882167e+001 3.21389376e+001 3.21837243e+001 3.00620582e+001 3.27384921e+001 3.21882610e+001 3.21932503e+001 3.21708311e+001 3.91384396e+001 3.41531196e+001 3.21882221e+001 3.21882135e+001 3.21885250e+001 3.21883094e+001 3.21882146e+001 3.93842311e+001 3.31996644e+001 3.21882149e+001 3.21885205e+001 3.21881343e+001 3.21882175e+001
 8.68967902e+000 8.68101263e+000 1.08912163e+001 8.63989510e+000 7.35843254e+000 8.68966190e+000 8.64838344e+000 8.63894114e+000 7.97958663e+000 7.14095963e+000 8.68965658e+000 8.68965039e+000 8.68958971e+000 8.68961686e+000 8.68966843e+000 8.39262244e+000 7.42877375e+000 8.68965372e+000 8.68947458e+000 8.68961829e+000 8.68965525e+000
 1.99331389e+001 2.02777088e+001 1.77530890e+001 2.43375482e+001 2.77899868e+001 1.99329449e+001 1.48910330e+001 1.68514969e+001 8.63065201e+000 2.92792217e+001 1.99257157e+001 1.99258167e+001 1.99254769e+001 1.99253690e+001 1.99257817e+001 2.14181798e+001 2.80024577e+001 1.99258017e+001 1.99245201e+001 1.99261309e+001 1.99257978e+001
 6.88197315e+000 6.88591528e+000 6.88219638e+000 5.44345634e+000 5.51290112e+000 6.88196987e+000 6.88179354e+000 8.60540917e+000 7.15293537e+000 5.84631954e+000 6.88197253e+000 6.88197391e+000 6.88194610e+000 6.88196136e+000 6.88197344e+000 5.67506406e+000 6.09432940e+000 6.88197353e+000 6.88195495e+000 6.88198774e+000 6.88197299e+000
 1.87697271e+001 1.87442275e+001 1.87753785e+001 1.61732172e+001 1.50351282e+001 1.87697000e+001 2.34771894e+001 1.88078799e+001 2.54677624e+001 1.33826704e+001 1.87757190e+001 1.87757323e+001 1.87754901e+001 1.87758116e+001 1.87757285e+001 1.12680715e+001 1.38928406e+001 1.87757272e+001 1.87754458e+001 1.87758270e+001 1.87757261e+001
 1.73125915e+000 1.60851190e+000 2.16384857e+000 2.06590250e+000 1.32604943e+000 1.73150417e+000 2.34061466e+000 1.65864839e+000 1.58349936e+000 1.24359422e+000 1.73221086e+000 1.73208172e+000 1.73254121e+000 1.73245623e+000 1.73211207e+000 1.70915848e+000 1.29223017e+000 1.73210283e+000 1.73391747e+000 1.73167574e+000 1.73210487e+000
 3.38291906e+001 3.37017965e+001 3.39861075e+001 2.75162404e+001 3.32484495e+001 3.38292847e+001 3.42735531e+001 3.37328963e+001 4.46481357e+001 3.66881969e+001 3.38297392e+001 3.38297132e+001 3.38302467e+001 3.38298646e+001 3.38297138e+001 4.41983678e+001 3.51875089e+001 3.38297175e+001 3.38304154e+001 3.38295535e+001 3.38297211e+001
 1.38231099e+001 1.38177789e+001 1.72763611e+001 1.42481798e+001 1.22001827e+001 1.38230924e+001 1.38221080e+001 1.38245836e+001 1.25515252e+001 1.21268527e+001 1.38231160e+001 1.38231020e+001 1.38230360e+001 1.38230677e+001 1.38231324e+001 1.28944339e+001 1.22714402e+001 1.38231079e+001 1.38228906e+001 1.38230366e+001 1.38231105e+001
 1.48474906e+001 1.53105840e+001 1.15862705e+001 1.87642113e+001 2.52435946e+001 1.48471981e+001 7.35258115e+000 9.86530735e+000 -8.54228999e-001 2.85115668e+001 1.48364648e+001 1.48366148e+001 1.48360614e+001 1.48359300e+001 1.48365621e+001 1.66970373e+001 2.68444462e+001 1.48365926e+001 1.48346684e+001 1.48370913e+001 1.48365862e+001
 1.03945171e+000 1.02204190e+000 1.05869913e+000 -8.40404332e-002 1.67525642e-001 1.03945023e+000 1.41921279e+000 1.99519069e+000 2.03887944e+000 1.65394580e-001 1.03997009e+000 1.03997044e+000 1.03993969e+000 1.03997500e+000 1.03997024e+000 1.75804015e-001 2.64968069e-001 1.03997008e+000 1.03995444e+000 1.03998043e+000 1.03996976e+000
 1.98688503e+001 1.97762507e+001 1.97492130e+001 1.37627181e+001 1.46140277e+001 1.98688129e+001 2.61436703e+001 2.16904792e+001 2.81039715e+001 1.10386830e+001 1.98770604e+001 1.98770800e+001 1.98767474e+001 1.98772223e+001 1.98770741e+001 9.76301877e+000 1.22009236e+001 1.98770725e+001 1.98766610e+001 1.98772104e+001 1.98770714e+001
 2.44867600e+000 2.28296538e+000 3.01056505e+000 3.78728450e+000 1.96190785e+000 2.44901062e+000 3.28445770e+000 2.40346346e+000 2.14924433e+000 1.70121870e+000 2.45000003e+000 2.44982387e+000 2.45045244e+000 2.45033727e+000 2.44986542e+000 2.36066257e+000 1.83002878e+000 2.44985263e+000 2.45232913e+000 2.44927032e+000 2.44985543e+000
 5.55390068e+000 5.49219994e+000 5.00956791e+000 1.01300105e+001 4.25544799e+000 5.55384714e+000 5.16369939e+000 7.97127001e+000 3.67850249e+000 2.36285784e+000 5.55409840e+000 5.55412922e+000 5.55400392e+000 5.55406893e+000 5.55412005e+000 5.21668015e+000 3.44689145e+000 5.55412328e+000 5.55371563e+000 5.55423872e+000 5.55412240e+000
 2.13933018e+000 2.14638275e+000 1.87321582e+000 5.42539580e+000 1.85886395e+000 2.13930382e+000 2.09071755e+000 2.06680937e+000 1.23397033e+000 9.55229530e-001 2.13955111e+000 2.13956650e+000 2.13951240e+000 2.13953418e+000 2.13956178e+000 2.24399549e+000 1.50379273e+000 2.13956361e+000 2.13936535e+000 2.13961879e+000 2.13956324e+000
 -3.78748147e-002 -3.47201643e-002 -3.76903598e-002 -5.12803746e-002 -4.42466842e-002 -3.78747768e-002 -3.40870163e-002 -2.76313480e-002 2.36937105e-003 -4.17456159e-002 -3.78758809e-002 -3.78759169e-002 -3.78761365e-002 -3.78751986e-002 -3.78758816e-002 -5.23778853e-002 -4.66249424e-002 -3.78759167e-002 -3.78761371e-002 -3.78760283e-002 -3.78759071e-002
 8.35688524e-001 9.75068032e-001 8.35706192e-001 7.23636807e-001 7.39186601e-001 8.35689701e-001 1.03917850e+000 8.17338861e-001 2.00645481e+000 9.42898001e-001 8.35689370e-001 8.35688377e-001 8.35684256e-001 8.35717416e-001 8.35689517e-001 2.90553052e-001 6.39962408e-001 8.35688325e-001 8.35677208e-001 8.35683470e-001 8.35688782e-001
 4.54740383e-002 5.50837114e-002 6.90014974e-002 5.53759316e-002 3.51815468e-002 4.54884647e-002 7.21593143e-002 3.35729937e-002 9.75798300e-002 7.18638345e-002 4.54875699e-002 4.54798808e-002 4.55063769e-002 4.55030312e-002 4.54818951e-002 6.74103836e-003 3.18516904e-002 4.54811350e-002 4.55867791e-002 4.54558603e-002 4.54812707e-002
 5.40367449e+001 5.37355177e+001 5.42590194e+001 5.04984243e+001 5.06375295e+001 5.40367699e+001 5.26584184e+001 6.28704510e+001 5.42946557e+001 5.03088049e+001 5.40352174e+001 5.40352017e+001 5.40352177e+001 5.40353047e+001 5.40352101e+001 5.11727573e+001 5.01254088e+001 5.40352039e+001 5.40353325e+001 5.40351545e+001 5.40352050e+001
 3.74531968e+001 3.76028010e+001 3.72159350e+001 4.13235338e+001 4.06232337e+001 3.74531549e+001 3.86094289e+001 2.86432516e+001 3.61611609e+001 4.08524308e+001 3.74547217e+001 3.74547462e+001 3.74546979e+001 3.74545951e+001 3.74547346e+001 4.04667841e+001 4.12543671e+001 3.74547428e+001 3.74545050e+001 3.74548228e+001 3.74547411e+001
 3.74531968e+001 3.76028010e+001 3.72159350e+001 4.13235338e+001 4.06232337e+001 3.74531549e+001 3.86094289e+001 2.86432516e+001 3.61611609e+001 4.08524308e+001 3.74547217e+001 3.74547462e+001 3.74546979e+001 3.74545951e+001 3.74547346e+001 4.04667841e+001 4.12543671e+001 3.74547428e+001 3.74545050e+001 3.74548228e+001 3.74547411e+001
